40
123
72
123
59
25
64
2
88
86
47
105
6
93
95
66
53
122
24
18
44
98
56
38
53
8
46
34
74
93
18
26
26
96
60
34
30
102
77
35
12
6
94
50
106
89
10
57
39
19
48
56
103
125
3
36
47
95
72
123
23
26
113
58
66
69
55
103
111
76
22
36
22
20
109
74
57
93
24
83
15
60
24
17
118
33
60
103
62
6
104
115
65
23
14
116
19
76
19
114
76
21
65
107
4
5
30
8
122
83
113
57
4
44
92
14
94
124
25
58
94
8
56
52
121
69
62
119
64
92
38
50
71
118
23
57
122
34
125
77
108
62
61
58
118
18
107
2
97
83
4
33
50
35
43
81
59
31
93
30
37
56
94
106
69
22
75
89
52
13
61
17
39
16
107
24
35
102
111
61
80
113
46
94
13
32
91
41
65
126
19
66
9
39
26
11
10
81
123
25
18
101
62
109
124
19
94
46
116
5
25
35
105
124
39
39
116
35
92
110
124
113
103
97
50
114
65
66
32
84
48
26
40
47
93
50
39
47
88
116
56
75
23
67
30
94
92
116
79
124
94
68
66
37
88
111
31
38
43
124
2
37
95
74
12
71
31
68
30
114
80
64
47
125
18
119
13
31
121
117
14
97
108
122
34
112
16
15
72
108
41
92
95
31
119
116
9
43
1
37
51
9
34
25
98
4
119
64
22
23
61
41
90
88
46
5
35
94
19
3
114
64
23
68
69
19
113
24
14
8
55
13
40
126
122
83
25
74
83
77
15
103
126
22
44
32
57
72
47
91
102
105
83
70
10
97
11
103
39
26
51
14
58
119
53
68
113
114
76
22
103
5
47
2
34
38
53
23
111
62
20
88
75
115
72
93
39
15
84
57
58
75
112
103
122
96
119
108
68
88
80
87
44
37
26
18
33
101
61
36
121
37
109
50
63
72
101
80
125
60
105
65
87
102
86
51
92
118
20
18
62
41
38
57
117
2
111
35
31
53
3
50
117
71
41
6
51
5
114
33
46
65
36
86
1
115
14
60
102
64
98
124
119
88
4
124
81
123
17
66
38
89
25
51
9
36
108
68
62
76
36
34
56
17
25
86
12
113
70
69
52
113
20
41
65
3
74
62
25
76
29
102
41
123
96
31
24
52
83
98
51
32
4
36
26
43
79
40
113
70
56
95
86
57
3
86
66
67
59
50
31
3
108
103
72
4
69
81
2
66
30
2
125
94
102
110
112
63
48
24
48
29
113
66
67
104
10
79
95
29
116
6
48
41
110
109
30
40
75
119
38
51
5
50
44
19
9
43
52
22
32
92
44
108
46
65
5
8
57
10
9
16
41
35
41
116
91
26
55
109
34
23
23
9
53
114
91
81
61
38
25
21
69
102
124
44
61
22
103
90
58
5
101
68
58
115
61
113
72
90
106
48
43
51
98
20
124
67
91
16
59
15
86
21
46
36
104
57
12
11
32
107
62
90
96
26
36
75
18
33
94
10
40
5
23
39
93
63
44
123
112
96
66
66
11
123
40
20
123
92
14
89
118
11
117
23
116
59
92
26
11
122
109
46
46
4
118
35
87
97
105
40
111
34
114
89
14
34
95
21
70
87
119
117
26
93
88
94
67
43
35
26
34
50
102
66
94
121
80
96
35
52
4
30
12
25
75
121
72
39
95
37
40
20
22
13
24
12
68
58
109
77
106
115
84
108
16
92
108
43
119
24
4
110
50
83
126
37
61
4
79
72
123
84
41
16
88
23
2
10
53
93
5
51
79
113
81
34
66
67
80
55
70
114
105
18
112
53
69
115
126
11
9
126
50
26
37
38
117
58
91
69
89
29
108
110
112
40
95
102
41
122
47
110
103
109
26
31
57
26
55
38
32
106
115
17
40
107
103
19
63
75
105
69
124
104
23
90
2
24
5
1
122
98
39
31
64
33
25
31
69
109
75
104
119
1
10
22
70
89
96
36
89
91
64
98
33
98
61
94
47
29
6
60
2
74
53
66
51
55
90
70
79
123
69
13
52
91
115
18
108
26
50
50
104
115
35
110
72
19
115
69
105
114
30
124
60
8
19
40
56
57
67
117
72
33
50
56
31
117
43
9
101
11
105
46
110
2
39
14
14
69
89
89
88
94
87
84
112
52
9
3
89
68
40
72
119
1
110
3
75
75
95
14
19
121
40
24
59
47
25
106
107
92
8
4
111
55
68
10
55
34
109
63
89
35
22
70
118
67
114
50
86
30
56
102
96
10
108
12
80
88
44
89
123
56
102
89
21
56
19
105
51
88
6
112
124
40
23
60
1
125
87
33
63
10
123
63
2
86
98
9
92
94
72
111
121
91
21
37
96
20
31
38
35
105
98
44
77
81
63
56
30
123
17
62
79
48
106
104
119
15
107
58
53
97
24
66
16
88
8
12
24
113
117
56
57
8
74
44
92
106
75
59
93
16
121
98
66
112
18
103
109
84
37
25
111
48
121
46
35
95
55
105
62
61
19
75
4
103
102
34
26
66
83
51
103
41
6
57
50
88
61
108
106
46
66
76
9
103
108
30
110
57
41
29
69
104
75
36
114
118
64
39
119
69
20
50
34
22
76
16
44
72
66
8
69
30
10
14
16
46
41
98
18
41
58
5
63
5
38
22
113
8
91
56
98
14
74
21
41
56
12
21
32
13
75
34
3
101
84
35
106
104
65
93
57
18
104
25
74
53
75
44
1
50
65
119
80
22
94
59
59
81
8
26
1
39
14
20
32
59
116
108
95
48
16
25
8
105
108
103
75
16
43
69
46
83
24
124
50
84
104
29
86
26
72
58
98
118
123
102
83
109
104
66
62
8
107
55
16
47
51
25
57
39
81
117
15
32
50
21
67
109
125
52
68
15
18
102
52
40
94
14
62
6
21
31
57
66
79
80
67
91
88
125
1
3
84
44
123
51
1
122
107
119
90
106
104
118
10
25
116
33
31
58
33
16
30
31
17
31
21
111
126
19
51
70
3
108
91
84
4
112
71
114
5
13
93
77
69
20
46
58
25
101
67
32
17
32
17
117
19
12
83
126
56
109
103
19
50
80
81
3
93
26
96
69
36
68
108
113
97
4
70
36
37
34
12
115
17
61
20
34
29
26
125
75
111
62
122
70
67
115
5
77
111
55
33
47
36
115
122
1
74
92
66
61
111
105
83
103
91
26
101
32
69
38
30
96
72
76
79
21
31
112
122
91
57
112
121
41
88
75
14
5
65
24
98
122
53
109
104
88
91
67
10
75
123
101
43
16
43
116
12
1
107
30
6
83
33
14
64
104
88
48
15
35
123
30
14
62
97
39
61
123
71
30
34
80
123
124
48
62
65
25
21
53
109
61
4
60
26
4
109
1
96
118
77
50
62
52
123
71
65
38
95
98
44
48
22
40
71
56
86
107
31
39
35
121
5
66
119
24
94
56
55
83
121
110
106
83
16
122
56
75
61
114
125
12
123
56
75
23
57
10
68
87
124
24
105
61
21
115
11
33
14
2
113
10
104
88
68
62
74
91
108
39
13
35
46
56
90
23
124
87
36
55
71
114
96
117
96
81
107
46
84
111
116
124
68
86
68
25
114
35
33
84
69
23
108
50
32
68
106
119
6
44
111
102
117
86
115
65
19
65
89
23
91
34
69
64
87
64
95
35
75
63
3
112
8
9
29
46
109
113
3
86
16
98
104
83
47
68
68
29
19
37
6
55
25
87
95
92
80
121
111
36
115
10
26
105
1
57
38
39
97
21
121
71
83
4
103
23
23
109
16
88
125
22
64
125
96
115
32
53
93
34
6
119
32
9
23
21
113
13
11
39
9
13
68
38
116
61
126
93
86
47
103
20
61
90
93
126
20
76
123
36
97
126
5
23
48
17
31
8
84
115
111
84
12
65
72
97
118
91
11
114
111
53
90
96
12
53
66
52
62
8
53
65
22
15
95
2
117
114
86
41
117
46
16
89
110
65
87
55
32
57
107
113
9
43
4
48
74
40
70
77
72
1
70
40
93
2
55
112
101
112
117
1
62
16
44
96
70
11
33
123
22
79
39
97
81
56
107
79
13
110
25
92
113
20
16
88
109
3
39
119
109
36
114
17
76
40
74
123
95
111
74
122
50
61
64
76
24
69
126
55
92
84
117
63
34
18
74
80
102
81
26
112
76
67
81
67
41
11
117
74
93
39
24
112
124
30
110
94
47
13
106
80
94
26
41
56
117
90
10
1
110
83
108
101
31
41
35
5
118
93
62
69
20
40
104
69
74
13
88
40
1
103
95
75
71
123
121
105
51
30
40
93
26
125
104
114
6
46
41
8
123
96
87
38
22
101
50
16
63
31
97
125
15
104
107
112
106
36
36
22
58
76
110
51
108
57
21
24
69
105
35
58
44
116
83
67
24
63
55
89
4
117
26
44
81
40
2
59
108
8
113
1
66
15
79
96
80
70
12
2
109
31
13
25
35
24
96
12
9
106
16
22
17
87
70
10
12
30
105
2
88
98
