121
74
68
57
13
39
112
44
104
92
56
26
80
53
70
57
123
97
102
95
118
21
92
106
70
101
17
108
23
96
26
55
76
98
13
2
103
50
110
117
86
29
62
2
68
124
17
79
117
57
53
103
43
33
16
117
29
14
33
60
14
46
12
40
60
29
104
76
52
61
2
125
102
106
121
32
6
94
60
80
75
46
106
48
69
97
56
4
116
75
21
111
24
63
71
57
112
86
63
43
83
104
14
66
40
8
50
102
116
67
47
38
67
112
3
1
43
30
71
58
52
66
86
76
87
112
16
1
58
98
19
61
6
66
126
96
57
60
35
1
65
48
65
114
109
39
63
97
17
38
118
112
67
1
91
91
83
5
46
29
6
93
43
8
110
37
38
67
37
55
108
104
4
86
19
26
14
90
19
31
36
44
61
112
64
81
96
36
4
41
14
83
60
117
96
5
12
81
125
38
102
91
81
104
109
62
5
114
61
126
26
87
74
18
124
110
125
44
15
112
126
29
96
71
69
121
126
74
71
107
86
38
116
18
20
15
47
11
61
57
12
91
89
121
95
103
103
6
102
75
29
114
123
22
98
2
79
65
71
39
44
106
61
106
33
17
79
92
35
32
83
10
102
107
76
96
17
39
6
43
104
94
122
24
35
34
52
70
112
5
58
39
106
59
91
66
35
17
97
40
113
119
126
118
112
44
37
19
101
67
25
69
83
92
34
30
46
33
25
15
24
89
13
19
50
83
109
110
69
23
36
6
14
15
64
77
38
19
16
10
46
51
67
60
80
63
14
39
80
47
30
102
46
94
124
72
97
21
43
12
19
105
40
67
59
102
17
69
43
8
110
65
81
44
37
83
112
16
51
80
48
10
39
109
110
112
110
123
22
94
43
35
51
21
94
98
4
60
115
1
101
101
115
31
10
52
20
16
13
70
77
59
108
75
111
104
3
46
121
101
123
1
17
36
60
25
37
26
37
51
103
4
23
62
51
57
26
47
119
18
15
23
55
13
114
26
61
43
74
34
32
33
112
34
34
17
41
18
104
18
32
3
72
39
52
26
57
37
77
2
112
55
53
11
24
116
71
80
69
68
93
43
34
43
118
14
5
19
96
39
104
112
76
86
95
10
118
40
90
53
105
48
124
111
43
119
95
40
75
80
2
8
76
84
98
66
12
23
53
40
64
14
71
39
10
123
108
59
75
116
4
29
119
69
84
18
6
104
31
2
87
40
81
56
88
88
19
91
40
3
105
32
67
112
123
109
88
118
3
53
97
76
15
57
63
33
51
125
44
24
91
33
61
3
10
67
106
3
14
44
80
110
105
89
44
90
51
88
19
50
40
39
126
6
112
80
1
113
47
68
13
63
123
67
68
18
77
10
76
48
112
29
117
124
119
31
103
36
108
104
107
24
125
59
87
98
68
107
43
123
20
14
70
38
3
18
115
102
38
19
60
14
63
43
110
117
52
108
88
58
46
30
114
76
119
19
58
16
56
48
84
101
3
121
46
29
83
15
4
46
20
91
107
79
61
19
31
19
21
35
117
55
11
60
92
112
63
94
121
69
77
56
15
70
96
70
65
117
113
77
15
33
68
74
58
118
15
101
35
15
14
68
60
126
60
21
59
106
77
24
26
1
74
110
50
35
23
50
55
113
79
24
48
53
80
88
35
15
31
47
1
48
98
92
41
110
62
126
15
23
97
111
11
112
58
67
22
17
18
107
84
47
80
83
44
112
115
118
112
91
38
68
118
105
32
13
124
126
19
1
57
79
24
51
86
108
65
15
52
96
74
70
33
40
48
2
119
93
68
41
74
8
119
24
70
112
101
84
10
47
72
76
115
80
33
43
14
79
104
121
104
1
66
107
72
43
21
72
111
13
87
67
34
30
40
88
89
107
24
76
20
106
63
91
64
91
62
62
4
102
5
77
125
86
110
29
51
81
122
59
101
1
40
43
60
3
61
40
47
118
103
121
83
8
113
95
18
75
15
1
30
35
10
26
2
41
38
30
53
36
60
70
61
98
48
11
112
98
34
13
24
104
33
113
9
71
52
119
111
5
21
92
98
33
18
122
35
3
87
69
116
70
67
111
94
116
26
15
51
33
60
95
11
71
122
108
93
123
23
3
39
61
117
95
35
36
55
66
122
30
76
52
123
98
58
57
89
93
103
98
124
48
22
83
103
9
48
5
68
58
22
118
46
58
5
118
33
2
62
50
112
67
61
110
121
98
33
30
5
125
97
30
115
65
123
72
77
12
70
10
61
98
5
60
94
76
109
84
16
13
102
40
121
115
53
121
107
111
51
55
35
111
52
19
75
2
81
33
107
96
22
114
72
86
119
5
102
97
86
74
13
5
71
126
88
55
108
84
123
124
90
20
19
15
98
21
14
123
112
77
111
21
64
114
59
32
81
113
80
11
44
4
117
111
88
66
52
62
104
46
6
4
52
65
103
11
68
60
29
2
25
95
72
12
55
2
117
3
25
116
56
58
20
61
105
84
61
48
40
80
101
52
23
35
86
23
80
12
26
125
124
95
94
61
30
19
50
109
35
72
61
20
105
1
57
57
35
52
8
2
87
88
47
117
5
24
119
110
75
75
4
62
9
47
92
65
77
116
87
40
105
22
86
2
118
18
51
96
24
91
108
32
29
5
76
23
114
1
8
11
24
40
43
115
69
13
107
56
34
40
24
117
12
43
35
1
63
102
77
36
119
20
24
114
86
121
44
6
108
9
31
44
63
125
8
48
12
111
90
39
97
96
87
122
81
107
106
9
67
35
31
81
70
53
30
30
98
17
70
102
19
21
64
16
11
44
108
21
39
55
56
70
105
1
79
47
108
74
91
83
72
14
84
74
109
71
95
68
97
38
19
8
47
17
98
74
113
93
21
125
125
36
2
71
98
19
11
84
2
111
103
44
13
107
34
109
108
95
37
41
3
38
5
41
4
101
89
92
61
77
66
53
88
89
57
119
61
105
81
61
35
77
24
90
111
79
15
48
32
21
114
26
19
68
97
83
4
18
44
84
21
21
5
104
12
74
76
26
72
1
107
87
87
34
39
39
13
3
8
35
79
3
6
46
68
64
123
94
56
113
17
3
60
34
12
98
10
2
25
72
60
102
18
58
31
102
105
103
96
117
77
125
112
109
9
92
19
10
95
109
89
106
52
18
123
37
19
18
126
80
47
76
72
59
121
24
16
31
11
35
95
103
109
63
87
34
12
11
68
93
96
63
41
90
46
97
112
10
105
51
23
22
39
56
8
81
89
91
37
5
76
71
34
4
119
106
116
125
101
75
117
31
39
44
40
26
48
47
119
88
48
93
24
118
57
53
80
65
8
63
81
14
95
14
12
116
113
112
71
115
80
21
20
17
96
104
93
23
103
8
75
67
87
115
87
83
89
11
75
91
26
30
93
125
5
51
8
98
77
25
62
55
17
24
12
96
8
121
46
107
104
43
21
98
56
126
119
91
96
114
107
5
126
32
4
55
68
58
62
14
116
87
46
79
6
116
64
51
61
81
62
52
122
108
19
19
47
14
88
101
68
40
69
118
53
58
86
36
104
37
101
39
91
70
91
68
92
51
17
21
48
122
70
64
74
37
97
22
66
124
46
89
77
112
92
11
5
50
20
89
114
2
52
21
62
16
3
76
31
90
125
103
30
67
76
98
58
91
121
32
6
33
79
20
95
62
72
121
119
24
10
75
84
108
93
30
71
101
68
47
5
63
108
46
116
93
14
104
102
10
92
6
30
92
126
55
56
10
72
22
56
25
1
62
21
36
92
110
15
12
10
124
15
98
59
64
115
15
11
2
77
3
118
108
36
24
103
8
62
95
21
77
51
60
44
79
34
60
53
75
6
72
65
26
46
113
34
9
12
81
60
95
18
113
53
90
118
77
58
56
102
116
38
3
20
31
60
53
115
13
37
44
109
34
56
106
89
126
124
80
63
48
91
126
65
61
63
57
76
39
1
65
12
81
92
62
6
31
109
18
103
50
121
114
91
17
19
55
72
39
121
50
80
124
38
113
91
18
106
41
25
1
26
15
39
84
18
46
25
67
89
115
121
113
79
119
2
106
107
47
106
110
46
115
8
47
88
84
123
72
103
93
14
70
109
10
1
30
4
19
92
26
58
57
108
14
47
62
15
101
101
57
84
122
94
23
12
2
89
50
76
72
31
40
48
84
43
21
75
96
20
50
46
57
60
96
40
31
119
112
74
9
112
10
8
96
51
103
62
107
8
89
59
58
91
62
62
92
123
35
30
83
105
84
11
25
35
10
68
125
30
112
25
5
126
110
47
39
126
65
106
41
1
34
119
34
1
113
61
61
9
60
119
81
32
58
44
29
25
76
17
31
17
94
11
90
21
37
72
92
96
83
72
123
38
39
38
74
113
3
39
121
8
92
113
58
117
102
108
31
101
48
68
59
112
20
75
1
114
122
48
106
108
105
34
105
115
61
89
48
15
108
15
112
34
37
51
11
74
10
89
29
61
4
3
114
68
104
53
57
