-4
-4
-10
-3
1
-17
16
6
-24
-6
13
3
16
7
-4
3
3
-14
-12
3
-12
11
-12
18
5
8
-8
-16
-11
-3
-1
-16
-12
11
2
-12
2
-8
-11
1
-10
18
10
12
-14
-23
-11
-3
17
-11
1
-19
-9
-1
14
3
-11
-4
-13
2
11
-4
9
6
8
14
22
7
4
-1
12
7
8
-2
-19
-4
-13
1
-4
-2
-7
-16
-2
3
-4
5
12
3
14
21
-11
5
-18
9
-11
6
-18
-6
-11
-10
-6
2
-16
-1
12
14
-16
8
0
-4
-5
-11
-6
-14
-18
-4
-14
-16
-17
-18
-14
-4
-18
10
2
2
6
-2
-12
-10
7
15
-7
2
9
-7
-6
-8
1
-7
18
4
11
-2
0
-3
5
-6
7
-10
12
-6
15
6
-16
15
-1
-19
-7
-12
1
-21
-14
-6
12
9
-19
-13
9
-12
5
-6
7
4
13
-13
4
8
-7
-13
8
7
-12
14
-6
-10
-13
-2
-14
-5
-12
2
-10
17
-6
-3
-16
15
-3
-4
0
-6
-4
13
-14
-16
-16
-2
-2
13
-15
1
-3
-12
-9
3
6
3
10
14
-6
-7
-5
-1
17
-14
-15
2
14
7
0
-4
-16
-7
13
5
1
7
-13
6
-20
-17
-7
14
-2
4
2
-10
6
-22
-10
6
3
0
-13
-2
-9
5
8
6
6
0
1
2
-7
5
-9
12
-10
2
2
12
5
-5
2
2
-5
9
-22
-7
-12
8
-12
0
-9
-22
-12
11
-22
-10
0
10
4
-15
3
0
-11
-8
-6
-12
3
-15
-13
-16
-2
6
-5
10
8
1
7
-1
6
-12
6
18
12
-4
-15
7
10
-14
13
3
16
-12
-5
-6
1
14
-2
1
-14
-9
-8
-12
-4
-9
2
5
-5
5
1
16
-4
2
5
-21
-7
-11
-4
1
-10
-2
-4
-1
-7
-7
-5
-14
11
3
6
1
-9
4
-1
-8
2
12
-1
7
-13
6
-15
10
17
7
-3
2
-7
-22
7
-3
-12
21
3
9
16
-3
-18
-13
-17
-7
-12
11
-2
-4
5
-16
0
13
-9
-1
-16
10
-2
4
3
6
-22
-1
5
19
-3
-22
-10
10
6
4
-5
-14
3
-4
-6
11
2
16
-11
3
12
-6
5
13
7
2
-7
9
-3
-3
7
5
17
13
-8
9
-5
20
6
-4
-6
-13
0
14
12
1
-7
-8
20
-4
6
-22
-9
-23
-12
2
9
-5
9
4
4
5
-11
11
-18
4
18
10
-4
0
3
-6
-22
8
-16
6
-1
11
0
3
4
17
-10
-8
-15
8
-10
18
-12
-5
-18
2
2
-3
14
-3
-9
6
-12
8
1
0
4
13
-7
-10
6
-19
3
-10
-16
-4
16
15
8
4
0
11
-19
8
-5
18
6
-7
-9
-4
17
2
-10
4
6
12
3
14
20
14
-21
3
-4
-1
9
-4
-5
-4
5
-13
-20
10
5
-2
-2
12
-5
-7
0
-5
-2
-13
-1
-6
17
-1
17
19
-12
-7
-8
-20
10
9
-4
-8
1
-10
0
-16
13
16
11
-6
-20
14
-7
13
-14
0
-5
-11
0
-11
-15
9
9
-11
-7
-2
-19
4
1
13
-18
14
5
-12
-6
-1
3
16
11
18
0
10
6
13
4
-3
-11
7
-8
4
2
0
-2
-11
13
-6
-2
2
-17
10
-13
11
4
16
-10
3
-10
9
-16
-4
-12
-5
10
6
7
-15
14
-7
-4
3
-12
-16
-5
22
-5
-1
9
-9
-6
4
-20
13
1
6
-7
-7
-7
-13
3
-10
-9
5
16
-6
-3
23
6
-9
-20
-5
-3
8
11
-2
-14
4
20
1
7
13
7
-11
2
-14
-10
5
-11
-16
1
3
-6
-3
2
7
-6
-5
-11
-14
13
2
1
-10
-14
14
-8
7
12
-20
-2
7
8
8
-2
-2
-6
-18
-13
6
-9
1
-2
-5
-9
-4
9
-4
-14
-9
1
8
-9
-5
4
19
16
-2
-12
-6
0
0
3
-5
-4
2
9
18
-5
-12
13
-10
-14
-10
-8
17
-6
6
-8
9
10
-12
3
1
10
3
2
9
3
-19
10
10
2
10
-3
14
-9
4
-17
11
14
9
-4
-10
-15
-6
10
-18
-10
17
17
-12
9
8
-1
-8
2
-14
-18
-10
-10
-12
-14
-8
-7
4
17
-15
-5
9
3
-13
16
15
12
-14
15
-6
-5
9
11
-12
-6
-19
-5
15
-8
-11
19
14
0
-12
21
-14
-6
4
3
-13
2
7
-2
-15
6
-3
5
-10
2
-14
-9
6
-1
5
5
16
-3
-5
2
5
4
13
11
-2
-11
-10
8
6
0
-7
-11
8
3
-2
-6
-6
-8
1
11
-11
4
-11
15
1
12
-18
13
11
-23
17
12
0
-15
-3
-7
14
-13
0
-8
-24
-10
-14
-15
-7
-20
5
9
7
-12
-2
7
-23
-3
3
-14
-15
14
-17
-23
2
8
2
21
3
-11
13
3
-5
-13
-10
17
12
-8
16
-16
20
-5
11
-6
-15
5
10
4
17
-23
-9
4
-6
-13
6
-11
-1
-13
-15
-4
6
-9
-16
-14
12
-1
6
2
-6
22
-9
-9
0
-23
9
13
0
-8
5
-4
16
8
10
-17
18
15
-16
8
-14
7
-13
1
-15
0
-18
-2
-17
10
-19
-14
5
-15
-19
13
-8
-2
-13
9
8
-6
-3
-7
-3
5
-12
3
-1
6
-6
12
-16
10
2
-15
5
0
-11
8
-8
5
-1
9
11
-2
5
2
-1
-5
18
-4
-20
6
-9
5
-4
2
1
10
-9
-3
-3
3
-2
-9
6
-3
3
-4
-21
6
-8
-13
3
21
-14
-11
12
-12
0
-18
-6
-19
9
11
10
-16
10
8
-16
-1
5
11
6
-12
-10
-7
9
2
2
-2
4
14
-13
-8
-13
-7
-9
12
-1
12
-6
-17
7
6
15
-1
-10
9
3
20
-17
-7
-2
-14
4
10
-1
-11
17
-2
4
-16
1
-7
-2
13
-10
-7
8
12
22
-6
17
5
6
-9
14
-5
19
-4
12
-13
-11
8
14
17
4
-17
-10
-14
-18
-8
6
-2
-4
-4
18
-6
19
8
12
-7
-14
-1
-23
4
-4
-4
5
-10
-22
-2
7
-10
-9
-1
-20
8
16
6
1
2
-10
-11
5
3
0
-9
-6
-5
9
1
-8
4
20
-17
5
0
5
-12
1
-3
9
0
-9
8
9
-6
-15
-6
-13
14
-12
3
-1
-12
-17
-6
-13
-6
-7
-3
2
-14
14
-12
0
-10
0
7
15
-16
-4
12
-13
-18
-16
-1
18
-10
8
-12
-3
-14
7
14
4
-7
10
14
1
-9
-12
-5
21
9
-3
1
-12
7
10
9
-5
1
10
7
17
9
6
11
-8
-2
-11
0
9
5
-15
1
3
4
1
3
1
-22
1
8
13
7
-9
5
-11
-14
-2
3
-6
-12
-14
-13
-8
-10
-11
20
9
-3
-4
5
-14
-14
-11
5
-19
6
-4
-3
-8
15
-3
14
-6
-1
5
10
-12
1
6
14
-4
11
-17
15
-3
-20
10
-14
8
4
10
-5
0
-1
15
-15
-14
16
-9
-19
-17
3
-7
14
11
17
20
-3
-10
7
12
0
7
2
-13
10
12
-8
11
-12
-12
-13
17
6
5
-6
-6
-14
-14
5
-1
2
16
-22
-5
-2
-3
7
-15
-7
18
1
-9
15
-9
-20
-4
-5
2
-1
-7
-3
-11
-4
7
9
-5
-12
8
10
17
6
11
-15
-7
-8
9
5
-22
0
5
-7
-21
-16
-7
-19
-3
2
17
-22
-14
13
-6
15
-15
-23
-24
-5
11
-5
-17
-5
-10
-2
14
6
4
-9
-12
11
-2
10
-12
-3
1
14
-19
-22
-3
5
9
-3
12
-3
16
2
19
-1
-3
3
10
-12
3
3
-4
1
10
-18
-14
9
17
11
3
-4
-14
-14
-2
-11
16
3
20
-1
12
-8
15
-7
13
-19
10
5
1
1
7
7
-8
17
-17
-12
5
-5
1
13
2
8
-2
-1
-12
6
-12
6
-14
-20
4
10
-10
-10
-14
-24
-5
-1
-8
2
-10
-5
-9
-5
7
1
-18
12
-7
4
-10
1
7
16
-1
-3
-2
-4
2
-5
-7
-22
-10
16
14
-9
5
-2
11
-14
2
-14
-22
-8
19
-6
-7
6
-2
23
8
4
19
13
8
-7
-14
14
-3
2
-18
9
-14
6
-10
6
3
5
16
12
-9
-8
19
-14
0
-14
-7
21
0
-6
-10
9
2
-9
-9
-16
-14
-21
11
-15
-14
9
6
-3
-6
-4
9
-19
3
22
-16
-14
-13
-8
2
-1
13
7
-14
2
2
-22
-12
-13
4
3
-12
-17
-10
18
0
-3
7
-6
-16
0
2
-4
0
11
-18
-6
-21
-8
-7
11
19
-2
4
6
-5
18
10
3
19
-3
-11
-8
-14
-9
8
12
6
1
-3
-10
1
11
-19
9
-2
-14
-7
19
6
-7
-10
-13
7
-20
-7
13
19
6
-11
-5
1
14
-11
5
-1
-17
16
19
-7
-2
-5
-8
1
2
3
18
9
4
1
-3
4
4
-11
4
2
-12
-18
-8
13
14
-15
-6
4
-5
7
8
5
-5
13
-4
18
-8
2
-15
-12
11
5
3
2
19
-4
4
-7
9
8
0
7
6
-9
-3
18
-14
-9
-3
-3
-17
-18
-16
0
1
-11
-9
5
-21
14
4
-6
1
-16
-6
-17
-6
-14
-7
6
16
0
-11
1
-11
-5
4
4
7
-8
-7
3
18
-17
-1
0
-6
-14
-13
-10
-11
-6
-12
-19
-3
17
23
3
-1
1
8
-3
-6
-14
-1
-8
-2
2
-4
2
16
7
-12
-5
-12
8
1
18
10
6
13
-3
-7
12
-2
-3
12
10
-3
-10
-6
-1
15
0
-5
-5
-7
1
-9
-1
-12
-10
-20
-2
-10
-10
9
-1
-4
-4
2
-17
-14
-22
5
-6
-13
6
10
8
4
-10
-15
0
11
8
18
-3
8
13
-4
-14
-9
15
-9
-11
-13
-18
-8
5
2
9
17
5
-6
-11
-5
10
-13
19
-4
-5
-16
14
13
6
-6
2
1
11
19
16
11
-6
12
-12
-5
-13
1
-4
5
-11
1
-14
4
6
13
9
8
0
-10
5
18
3
16
-15
16
-3
5
-20
-13
-12
2
10
-9
4
16
1
8
-5
-14
-5
14
-7
16
3
-10
0
5
-16
5
-5
6
15
-2
3
-11
-6
-17
-7
-13
-14
-1
-16
2
-11
-15
4
4
6
9
-3
-1
-12
-1
0
-15
16
-17
5
