20

999999999
2001 09 09 
01 46 39
0

1999999999
2033 05 18 
03 33 19
3

199999999
1976 05 03 
19 33 19
1

119999999
1973 10 20 
21 19 59
6

1330523245
2012 02 29 
13 47 25
3

1667149200
2022 10 30
17 00 00
0

456123456
1984 06 15
04 57 36
5

1961827337
2032 03 02
08 02 17
2

369852147
1981 09 20
16 42 27
0

942318671
1999 11 11
11 11 11
4

1680134400
2023 03 30
00 00 00
4

888888
1970 01 11
06 54 48 
0

320630400
1980 02 29
00 00 00
5

587030888
1988 08 08
08 08 08
1

981173106
2001 02 03
04 05 06
6

2136499201
2037 09 14
00 00 01
1

1672524660
2022 12 31
22 11 00
6

1998112027
2033 04 26
07 07 07
2

2087844015
2036 02 28
20 40 15
4

739593155
1993 06 09
02 32 35
3