256
0 000000000000
1 000000000001
2 000000000010
3 000000000011
4 000000000100
5 000000000101
6 000000000110
7 000000000111
8 000000001000
9 000000001001
10 000000010000
11 000000010001
12 000000010010
13 000000010011
14 000000010100
15 000000010101
16 000000010110
17 000000010111
18 000000011000
19 000000011001
20 000000100000
21 000000100001
22 000000100010
23 000000100011
24 000000100100
25 000000100101
26 000000100110
27 000000100111
28 000000101000
29 000000101001
30 000000110000
31 000000110001
32 000000110010
33 000000110011
34 000000110100
35 000000110101
36 000000110110
37 000000110111
38 000000111000
39 000000111001
40 000001000000
41 000001000001
42 000001000010
43 000001000011
44 000001000100
45 000001000101
46 000001000110
47 000001000111
48 000001001000
49 000001001001
50 000001010000
51 000001010001
52 000001010010
53 000001010011
54 000001010100
55 000001010101
56 000001010110
57 000001010111
58 000001011000
59 000001011001
60 000001100000
61 000001100001
62 000001100010
63 000001100011
64 000001100100
65 000001100101
66 000001100110
67 000001100111
68 000001101000
69 000001101001
70 000001110000
71 000001110001
72 000001110010
73 000001110011
74 000001110100
75 000001110101
76 000001110110
77 000001110111
78 000001111000
79 000001111001
80 000010000000
81 000010000001
82 000010000010
83 000010000011
84 000010000100
85 000010000101
86 000010000110
87 000010000111
88 000010001000
89 000010001001
90 000010010000
91 000010010001
92 000010010010
93 000010010011
94 000010010100
95 000010010101
96 000010010110
97 000010010111
98 000010011000
99 000010011001
100 000100000000
101 000100000001
102 000100000010
103 000100000011
104 000100000100
105 000100000101
106 000100000110
107 000100000111
108 000100001000
109 000100001001
110 000100010000
111 000100010001
112 000100010010
113 000100010011
114 000100010100
115 000100010101
116 000100010110
117 000100010111
118 000100011000
119 000100011001
120 000100100000
121 000100100001
122 000100100010
123 000100100011
124 000100100100
125 000100100101
126 000100100110
127 000100100111
128 000100101000
129 000100101001
130 000100110000
131 000100110001
132 000100110010
133 000100110011
134 000100110100
135 000100110101
136 000100110110
137 000100110111
138 000100111000
139 000100111001
140 000101000000
141 000101000001
142 000101000010
143 000101000011
144 000101000100
145 000101000101
146 000101000110
147 000101000111
148 000101001000
149 000101001001
150 000101010000
151 000101010001
152 000101010010
153 000101010011
154 000101010100
155 000101010101
156 000101010110
157 000101010111
158 000101011000
159 000101011001
160 000101100000
161 000101100001
162 000101100010
163 000101100011
164 000101100100
165 000101100101
166 000101100110
167 000101100111
168 000101101000
169 000101101001
170 000101110000
171 000101110001
172 000101110010
173 000101110011
174 000101110100
175 000101110101
176 000101110110
177 000101110111
178 000101111000
179 000101111001
180 000110000000
181 000110000001
182 000110000010
183 000110000011
184 000110000100
185 000110000101
186 000110000110
187 000110000111
188 000110001000
189 000110001001
190 000110010000
191 000110010001
192 000110010010
193 000110010011
194 000110010100
195 000110010101
196 000110010110
197 000110010111
198 000110011000
199 000110011001
200 001000000000
201 001000000001
202 001000000010
203 001000000011
204 001000000100
205 001000000101
206 001000000110
207 001000000111
208 001000001000
209 001000001001
210 001000010000
211 001000010001
212 001000010010
213 001000010011
214 001000010100
215 001000010101
216 001000010110
217 001000010111
218 001000011000
219 001000011001
220 001000100000
221 001000100001
222 001000100010
223 001000100011
224 001000100100
225 001000100101
226 001000100110
227 001000100111
228 001000101000
229 001000101001
230 001000110000
231 001000110001
232 001000110010
233 001000110011
234 001000110100
235 001000110101
236 001000110110
237 001000110111
238 001000111000
239 001000111001
240 001001000000
241 001001000001
242 001001000010
243 001001000011
244 001001000100
245 001001000101
246 001001000110
247 001001000111
248 001001001000
249 001001001001
250 001001010000
251 001001010001
252 001001010010
253 001001010011
254 001001010100
255 001001010101
