848
0 0000000000000000000000000000
1237 0000000000000001001000110111
2474 0000000000000010010001110100
3711 0000000000000011011100010001
4948 0000000000000100100101001000
6185 0000000000000110000110000101
7422 0000000000000111010000100010
8659 0000000000001000011001011001
9896 0000000000001001100010010110
11133 0000000000010001000100110011
12370 0000000000010010001101110000
13607 0000000000010011011000000111
14844 0000000000010100100001000100
16081 0000000000010110000010000001
17318 0000000000010111001100011000
18555 0000000000011000010101010101
19792 0000000000011001011110010010
21029 0000000000100001000000101001
22266 0000000000100010001001100110
23503 0000000000100011010100000011
24740 0000000000100100011101000000
25977 0000000000100101100101110111
27214 0000000000100111001000010100
28451 0000000000101000010001010001
29688 0000000000101001011010001000
30925 0000000000110000100100100101
32162 0000000000110010000101100010
33399 0000000000110011001110011001
34636 0000000000110100011000110110
35873 0000000000110101100001110011
37110 0000000000110111000100010000
38347 0000000000111000001101000111
39584 0000000000111001010110000100
40821 0000000001000000100000100001
42058 0000000001000010000001011000
43295 0000000001000011001010010101
44532 0000000001000100010100110010
45769 0000000001000101011101101001
47006 0000000001000111000000000110
48243 0000000001001000001001000011
49480 0000000001001001010010000000
50717 0000000001010000011100010111
51954 0000000001010001100101010100
53191 0000000001010011000110010001
54428 0000000001010100010000101000
55665 0000000001010101011001100101
56902 0000000001010110100100000010
58139 0000000001011000000100111001
59376 0000000001011001001101110110
60613 0000000001100000011000010011
61850 0000000001100001100001010000
63087 0000000001100011000010000111
64324 0000000001100100001100100100
65561 0000000001100101010101100001
66798 0000000001100110011110011000
68035 0000000001101000000000110101
69272 0000000001101001001001110010
70509 0000000001110000010100001001
71746 0000000001110001011101000110
72983 0000000001110010100110000011
74220 0000000001110100001000100000
75457 0000000001110101010001010111
76694 0000000001110110011010010100
77931 0000000001110111100100110001
79168 0000000001111001000101101000
80405 0000000010000000010000000101
81642 0000000010000001011001000010
82879 0000000010000010100001111001
84116 0000000010000100000100010110
85353 0000000010000101001101010011
86590 0000000010000110010110010000
87827 0000000010000111100000100111
89064 0000000010001001000001100100
90301 0000000010010000001100000001
91538 0000000010010001010100111000
92775 0000000010010010011101110101
94012 0000000010010100000000010010
95249 0000000010010101001001001001
96486 0000000010010110010010000110
97723 0000000010010111011100100011
98960 0000000010011000100101100000
100197 0000000100000000000110010111
101434 0000000100000001010000110100
102671 0000000100000010011001110001
103908 0000000100000011100100001000
105145 0000000100000101000101000101
106382 0000000100000110001110000010
107619 0000000100000111011000011001
108856 0000000100001000100001010110
110093 0000000100010000000010010011
111330 0000000100010001001100110000
112567 0000000100010010010101100111
113804 0000000100010011100000000100
115041 0000000100010101000001000001
116278 0000000100010110001001111000
117515 0000000100010111010100010101
118752 0000000100011000011101010010
119989 0000000100011001100110001001
121226 0000000100100001001000100110
122463 0000000100100010010001100011
123700 0000000100100011011100000000
124937 0000000100100100100100110111
126174 0000000100100110000101110100
127411 0000000100100111010000010001
128648 0000000100101000011001001000
129885 0000000100101001100010000101
131122 0000000100110001000100100010
132359 0000000100110010001101011001
133596 0000000100110011010110010110
134833 0000000100110100100000110011
136070 0000000100110110000001110000
137307 0000000100110111001100000111
138544 0000000100111000010101000100
139781 0000000100111001011110000001
141018 0000000101000001000000011000
142255 0000000101000010001001010101
143492 0000000101000011010010010010
144729 0000000101000100011100101001
145966 0000000101000101100101100110
147203 0000000101000111001000000011
148440 0000000101001000010001000000
149677 0000000101001001011001110111
150914 0000000101010000100100010100
152151 0000000101010010000101010001
153388 0000000101010011001110001000
154625 0000000101010100011000100101
155862 0000000101010101100001100010
157099 0000000101010111000010011001
158336 0000000101011000001100110110
159573 0000000101011001010101110011
160810 0000000101100000100000010000
162047 0000000101100010000001000111
163284 0000000101100011001010000100
164521 0000000101100100010100100001
165758 0000000101100101011101011000
166995 0000000101100110100110010101
168232 0000000101101000001000110010
169469 0000000101101001010001101001
170706 0000000101110000011100000110
171943 0000000101110001100101000011
173180 0000000101110011000110000000
174417 0000000101110100010000010111
175654 0000000101110101011001010100
176891 0000000101110110100010010001
178128 0000000101111000000100101000
179365 0000000101111001001101100101
180602 0000000110000000011000000010
181839 0000000110000001100000111001
183076 0000000110000011000001110110
184313 0000000110000100001100010011
185550 0000000110000101010101010000
186787 0000000110000110011110000111
188024 0000000110001000000000100100
189261 0000000110001001001001100001
190498 0000000110010000010010011000
191735 0000000110010001011100110101
192972 0000000110010010100101110010
194209 0000000110010100001000001001
195446 0000000110010101010001000110
196683 0000000110010110011010000011
197920 0000000110010111100100100000
199157 0000000110011001000101010111
200394 0000001000000000001110010100
201631 0000001000000001011000110001
202868 0000001000000010100001101000
204105 0000001000000100000100000101
205342 0000001000000101001101000010
206579 0000001000000110010101111001
207816 0000001000000111100000010110
209053 0000001000001001000001010011
210290 0000001000010000001010010000
211527 0000001000010001010100100111
212764 0000001000010010011101100100
214001 0000001000010100000000000001
215238 0000001000010101001000111000
216475 0000001000010110010001110101
217712 0000001000010111011100010010
218949 0000001000011000100101001001
220186 0000001000100000000110000110
221423 0000001000100001010000100011
222660 0000001000100010011001100000
223897 0000001000100011100010010111
225134 0000001000100101000100110100
226371 0000001000100110001101110001
227608 0000001000100111011000001000
228845 0000001000101000100001000101
230082 0000001000110000000010000010
231319 0000001000110001001100011001
232556 0000001000110010010101010110
233793 0000001000110011011110010011
235030 0000001000110101000000110000
236267 0000001000110110001001100111
237504 0000001000110111010100000100
238741 0000001000111000011101000001
239978 0000001000111001100101111000
241215 0000001001000001001000010101
242452 0000001001000010010001010010
243689 0000001001000011011010001001
244926 0000001001000100100100100110
246163 0000001001000110000101100011
247400 0000001001000111010000000000
248637 0000001001001000011000110111
249874 0000001001001001100001110100
251111 0000001001010001000100010001
252348 0000001001010010001101001000
253585 0000001001010011010110000101
254822 0000001001010100100000100010
256059 0000001001010110000001011001
257296 0000001001010111001010010110
258533 0000001001011000010100110011
259770 0000001001011001011101110000
261007 0000001001100001000000000111
262244 0000001001100010001001000100
263481 0000001001100011010010000001
264718 0000001001100100011100011000
265955 0000001001100101100101010101
267192 0000001001100111000110010010
268429 0000001001101000010000101001
269666 0000001001101001011001100110
270903 0000001001110000100100000011
272140 0000001001110010000101000000
273377 0000001001110011001101110111
274614 0000001001110100011000010100
275851 0000001001110101100001010001
277088 0000001001110111000010001000
278325 0000001001111000001100100101
279562 0000001001111001010101100010
280799 0000001010000000011110011001
282036 0000001010000010000000110110
283273 0000001010000011001001110011
284510 0000001010000100010100010000
285747 0000001010000101011101000111
286984 0000001010000110100110000100
288221 0000001010001000001000100001
289458 0000001010001001010001011000
290695 0000001010010000011010010101
291932 0000001010010001100100110010
293169 0000001010010011000101101001
294406 0000001010010100010000000110
295643 0000001010010101011001000011
296880 0000001010010110100010000000
298117 0000001010011000000100010111
299354 0000001010011001001101010100
300591 0000001100000000010110010001
301828 0000001100000001100000101000
303065 0000001100000011000001100101
304302 0000001100000100001100000010
305539 0000001100000101010100111001
306776 0000001100000110011101110110
308013 0000001100001000000000010011
309250 0000001100001001001001010000
310487 0000001100010000010010000111
311724 0000001100010001011100100100
312961 0000001100010010100101100001
314198 0000001100010100000110011000
315435 0000001100010101010000110101
316672 0000001100010110011001110010
317909 0000001100010111100100001001
319146 0000001100011001000101000110
320383 0000001100100000001110000011
321620 0000001100100001011000100000
322857 0000001100100010100001010111
324094 0000001100100100000010010100
325331 0000001100100101001100110001
326568 0000001100100110010101101000
327805 0000001100100111100000000101
329042 0000001100101001000001000010
330279 0000001100110000001001111001
331516 0000001100110001010100010110
332753 0000001100110010011101010011
333990 0000001100110011100110010000
335227 0000001100110101001000100111
336464 0000001100110110010001100100
337701 0000001100110111011100000001
338938 0000001100111000100100111000
340175 0000001101000000000101110101
341412 0000001101000001010000010010
342649 0000001101000010011001001001
343886 0000001101000011100010000110
345123 0000001101000101000100100011
346360 0000001101000110001101100000
347597 0000001101000111010110010111
348834 0000001101001000100000110100
350071 0000001101010000000001110001
351308 0000001101010001001100001000
352545 0000001101010010010101000101
353782 0000001101010011011110000010
355019 0000001101010101000000011001
356256 0000001101010110001001010110
357493 0000001101010111010010010011
358730 0000001101011000011100110000
359967 0000001101011001100101100111
361204 0000001101100001001000000100
362441 0000001101100010010001000001
363678 0000001101100011011001111000
364915 0000001101100100100100010101
366152 0000001101100110000101010010
367389 0000001101100111001110001001
368626 0000001101101000011000100110
369863 0000001101101001100001100011
371100 0000001101110001000100000000
372337 0000001101110010001100110111
373574 0000001101110011010101110100
374811 0000001101110100100000010001
376048 0000001101110110000001001000
377285 0000001101110111001010000101
378522 0000001101111000010100100010
379759 0000001101111001011101011001
380996 0000001110000000100110010110
382233 0000001110000010001000110011
383470 0000001110000011010001110000
384707 0000001110000100011100000111
385944 0000001110000101100101000100
387181 0000001110000111000110000001
388418 0000001110001000010000011000
389655 0000001110001001011001010101
390892 0000001110010000100010010010
392129 0000001110010010000100101001
393366 0000001110010011001101100110
394603 0000001110010100011000000011
395840 0000001110010101100001000000
397077 0000001110010111000001110111
398314 0000001110011000001100010100
399551 0000001110011001010101010001
400788 0000010000000000011110001000
402025 0000010000000010000000100101
403262 0000010000000011001001100010
404499 0000010000000100010010011001
405736 0000010000000101011100110110
406973 0000010000000110100101110011
408210 0000010000001000001000010000
409447 0000010000001001010001000111
410684 0000010000010000011010000100
411921 0000010000010001100100100001
413158 0000010000010011000101011000
414395 0000010000010100001110010101
415632 0000010000010101011000110010
416869 0000010000010110100001101001
418106 0000010000011000000100000110
419343 0000010000011001001101000011
420580 0000010000100000010110000000
421817 0000010000100001100000010111
423054 0000010000100011000001010100
424291 0000010000100100001010010001
425528 0000010000100101010100101000
426765 0000010000100110011101100101
428002 0000010000101000000000000010
429239 0000010000101001001000111001
430476 0000010000110000010001110110
431713 0000010000110001011100010011
432950 0000010000110010100101010000
434187 0000010000110100000110000111
435424 0000010000110101010000100100
436661 0000010000110110011001100001
437898 0000010000110111100010011000
439135 0000010000111001000100110101
440372 0000010001000000001101110010
441609 0000010001000001011000001001
442846 0000010001000010100001000110
444083 0000010001000100000010000011
445320 0000010001000101001100100000
446557 0000010001000110010101010111
447794 0000010001000111011110010100
449031 0000010001001001000000110001
450268 0000010001010000001001101000
451505 0000010001010001010100000101
452742 0000010001010010011101000010
453979 0000010001010011100101111001
455216 0000010001010101001000010110
456453 0000010001010110010001010011
457690 0000010001010111011010010000
458927 0000010001011000100100100111
460164 0000010001100000000101100100
461401 0000010001100001010000000001
462638 0000010001100010011000111000
463875 0000010001100011100001110101
465112 0000010001100101000100010010
466349 0000010001100110001101001001
467586 0000010001100111010110000110
468823 0000010001101000100000100011
470060 0000010001110000000001100000
471297 0000010001110001001010010111
472534 0000010001110010010100110100
473771 0000010001110011011101110001
475008 0000010001110101000000001000
476245 0000010001110110001001000101
477482 0000010001110111010010000010
478719 0000010001111000011100011001
479956 0000010001111001100101010110
481193 0000010010000001000110010011
482430 0000010010000010010000110000
483667 0000010010000011011001100111
484904 0000010010000100100100000100
486141 0000010010000110000101000001
487378 0000010010000111001101111000
488615 0000010010001000011000010101
489852 0000010010001001100001010010
491089 0000010010010001000010001001
492326 0000010010010010001100100110
493563 0000010010010011010101100011
494800 0000010010010100100000000000
496037 0000010010010110000000110111
497274 0000010010010111001001110100
498511 0000010010011000010100010001
499748 0000010010011001011101001000
500985 0000010100000000100110000101
502222 0000010100000010001000100010
503459 0000010100000011010001011001
504696 0000010100000100011010010110
505933 0000010100000101100100110011
507170 0000010100000111000101110000
508407 0000010100001000010000000111
509644 0000010100001001011001000100
510881 0000010100010000100010000001
512118 0000010100010010000100011000
513355 0000010100010011001101010101
514592 0000010100010100010110010010
515829 0000010100010101100000101001
517066 0000010100010111000001100110
518303 0000010100011000001100000011
519540 0000010100011001010101000000
520777 0000010100100000011101110111
522014 0000010100100010000000010100
523251 0000010100100011001001010001
524488 0000010100100100010010001000
525725 0000010100100101011100100101
526962 0000010100100110100101100010
528199 0000010100101000000110011001
529436 0000010100101001010000110110
530673 0000010100110000011001110011
531910 0000010100110001100100010000
533147 0000010100110011000101000111
534384 0000010100110100001110000100
535621 0000010100110101011000100001
536858 0000010100110110100001011000
538095 0000010100111000000010010101
539332 0000010100111001001100110010
540569 0000010101000000010101101001
541806 0000010101000001100000000110
543043 0000010101000011000001000011
544280 0000010101000100001010000000
545517 0000010101000101010100010111
546754 0000010101000110011101010100
547991 0000010101000111100110010001
549228 0000010101001001001000101000
550465 0000010101010000010001100101
551702 0000010101010001011100000010
552939 0000010101010010100100111001
554176 0000010101010100000101110110
555413 0000010101010101010000010011
556650 0000010101010110011001010000
557887 0000010101010111100010000111
559124 0000010101011001000100100100
560361 0000010101100000001101100001
561598 0000010101100001010110011000
562835 0000010101100010100000110101
564072 0000010101100100000001110010
565309 0000010101100101001100001001
566546 0000010101100110010101000110
567783 0000010101100111011110000011
569020 0000010101101001000000100000
570257 0000010101110000001001010111
571494 0000010101110001010010010100
572731 0000010101110010011100110001
573968 0000010101110011100101101000
575205 0000010101110101001000000101
576442 0000010101110110010001000010
577679 0000010101110111011001111001
578916 0000010101111000100100010110
580153 0000010110000000000101010011
581390 0000010110000001001110010000
582627 0000010110000010011000100111
583864 0000010110000011100001100100
585101 0000010110000101000100000001
586338 0000010110000110001100111000
587575 0000010110000111010101110101
588812 0000010110001000100000010010
590049 0000010110010000000001001001
591286 0000010110010001001010000110
592523 0000010110010010010100100011
593760 0000010110010011011101100000
594997 0000010110010100100110010111
596234 0000010110010110001000110100
597471 0000010110010111010001110001
598708 0000010110011000011100001000
599945 0000010110011001100101000101
601182 0000011000000001000110000010
602419 0000011000000010010000011001
603656 0000011000000011011001010110
604893 0000011000000100100010010011
606130 0000011000000110000100110000
607367 0000011000000111001101100111
608604 0000011000001000011000000100
609841 0000011000001001100001000001
611078 0000011000010001000001111000
612315 0000011000010010001100010101
613552 0000011000010011010101010010
614789 0000011000010100011110001001
616026 0000011000010110000000100110
617263 0000011000010111001001100011
618500 0000011000011000010100000000
619737 0000011000011001011100110111
620974 0000011000100000100101110100
622211 0000011000100010001000010001
623448 0000011000100011010001001000
624685 0000011000100100011010000101
625922 0000011000100101100100100010
627159 0000011000100111000101011001
628396 0000011000101000001110010110
629633 0000011000101001011000110011
630870 0000011000110000100001110000
632107 0000011000110010000100000111
633344 0000011000110011001101000100
634581 0000011000110100010110000001
635818 0000011000110101100000011000
637055 0000011000110111000001010101
638292 0000011000111000001010010010
639529 0000011000111001010100101001
640766 0000011001000000011101100110
642003 0000011001000010000000000011
643240 0000011001000011001001000000
644477 0000011001000100010001110111
645714 0000011001000101011100010100
646951 0000011001000110100101010001
648188 0000011001001000000110001000
649425 0000011001001001010000100101
650662 0000011001010000011001100010
651899 0000011001010001100010011001
653136 0000011001010011000100110110
654373 0000011001010100001101110011
655610 0000011001010101011000010000
656847 0000011001010110100001000111
658084 0000011001011000000010000100
659321 0000011001011001001100100001
660558 0000011001100000010101011000
661795 0000011001100001011110010101
663032 0000011001100011000000110010
664269 0000011001100100001001101001
665506 0000011001100101010100000110
666743 0000011001100110011101000011
667980 0000011001100111100110000000
669217 0000011001101001001000010111
670454 0000011001110000010001010100
671691 0000011001110001011010010001
672928 0000011001110010100100101000
674165 0000011001110100000101100101
675402 0000011001110101010000000010
676639 0000011001110110011000111001
677876 0000011001110111100001110110
679113 0000011001111001000100010011
680350 0000011010000000001101010000
681587 0000011010000001010110000111
682824 0000011010000010100000100100
684061 0000011010000100000001100001
685298 0000011010000101001010011000
686535 0000011010000110010100110101
687772 0000011010000111011101110010
689009 0000011010001001000000001001
690246 0000011010010000001001000110
691483 0000011010010001010010000011
692720 0000011010010010011100100000
693957 0000011010010011100101010111
695194 0000011010010101000110010100
696431 0000011010010110010000110001
697668 0000011010010111011001101000
698905 0000011010011000100100000101
700142 0000011100000000000101000010
701379 0000011100000001001101111001
702616 0000011100000010011000010110
703853 0000011100000011100001010011
705090 0000011100000101000010010000
706327 0000011100000110001100100111
707564 0000011100000111010101100100
708801 0000011100001000100000000001
710038 0000011100010000000000111000
711275 0000011100010001001001110101
712512 0000011100010010010100010010
713749 0000011100010011011101001001
714986 0000011100010100100110000110
716223 0000011100010110001000100011
717460 0000011100010111010001100000
718697 0000011100011000011010010111
719934 0000011100011001100100110100
721171 0000011100100001000101110001
722408 0000011100100010010000001000
723645 0000011100100011011001000101
724882 0000011100100100100010000010
726119 0000011100100110000100011001
727356 0000011100100111001101010110
728593 0000011100101000010110010011
729830 0000011100101001100000110000
731067 0000011100110001000001100111
732304 0000011100110010001100000100
733541 0000011100110011010101000001
734778 0000011100110100011101111000
736015 0000011100110110000000010101
737252 0000011100110111001001010010
738489 0000011100111000010010001001
739726 0000011100111001011100100110
740963 0000011101000000100101100011
742200 0000011101000010001000000000
743437 0000011101000011010000110111
744674 0000011101000100011001110100
745911 0000011101000101100100010001
747148 0000011101000111000101001000
748385 0000011101001000001110000101
749622 0000011101001001011000100010
750859 0000011101010000100001011001
752096 0000011101010010000010010110
753333 0000011101010011001100110011
754570 0000011101010100010101110000
755807 0000011101010101100000000111
757044 0000011101010111000001000100
758281 0000011101011000001010000001
759518 0000011101011001010100011000
760755 0000011101100000011101010101
761992 0000011101100001100110010010
763229 0000011101100011001000101001
764466 0000011101100100010001100110
765703 0000011101100101011100000011
766940 0000011101100110100101000000
768177 0000011101101000000101110111
769414 0000011101101001010000010100
770651 0000011101110000011001010001
771888 0000011101110001100010001000
773125 0000011101110011000100100101
774362 0000011101110100001101100010
775599 0000011101110101010110011001
776836 0000011101110110100000110110
778073 0000011101111000000001110011
779310 0000011101111001001100010000
780547 0000011110000000010101000111
781784 0000011110000001011110000100
783021 0000011110000011000000100001
784258 0000011110000100001001011000
785495 0000011110000101010010010101
786732 0000011110000110011100110010
787969 0000011110000111100101101001
789206 0000011110001001001000000110
790443 0000011110010000010001000011
791680 0000011110010001011010000000
792917 0000011110010010100100010111
794154 0000011110010100000101010100
795391 0000011110010101001110010001
796628 0000011110010110011000101000
797865 0000011110010111100001100101
799102 0000011110011001000100000010
800339 0000100000000000001100111001
801576 0000100000000001010101110110
802813 0000100000000010100000010011
804050 0000100000000100000001010000
805287 0000100000000101001010000111
806524 0000100000000110010100100100
807761 0000100000000111011101100001
808998 0000100000001000100110011000
810235 0000100000010000001000110101
811472 0000100000010001010001110010
812709 0000100000010010011100001001
813946 0000100000010011100101000110
815183 0000100000010101000110000011
816420 0000100000010110010000100000
817657 0000100000010111011001010111
818894 0000100000011000100010010100
820131 0000100000100000000100110001
821368 0000100000100001001101101000
822605 0000100000100010011000000101
823842 0000100000100011100001000010
825079 0000100000100101000001111001
826316 0000100000100110001100010110
827553 0000100000100111010101010011
828790 0000100000101000011110010000
830027 0000100000110000000000100111
831264 0000100000110001001001100100
832501 0000100000110010010100000001
833738 0000100000110011011100111000
834975 0000100000110100100101110101
836212 0000100000110110001000010010
837449 0000100000110111010001001001
838686 0000100000111000011010000110
839923 0000100000111001100100100011
841160 0000100001000001000101100000
842397 0000100001000010001110010111
843634 0000100001000011011000110100
844871 0000100001000100100001110001
846108 0000100001000110000100001000
847345 0000100001000111001101000101
848582 0000100001001000010110000010
849819 0000100001001001100000011001
851056 0000100001010001000001010110
852293 0000100001010010001010010011
853530 0000100001010011010100110000
854767 0000100001010100011101100111
856004 0000100001010110000000000100
857241 0000100001010111001001000001
858478 0000100001011000010001111000
859715 0000100001011001011100010101
860952 0000100001100000100101010010
862189 0000100001100010000110001001
863426 0000100001100011010000100110
864663 0000100001100100011001100011
865900 0000100001100101100100000000
867137 0000100001100111000100110111
868374 0000100001101000001101110100
869611 0000100001101001011000010001
870848 0000100001110000100001001000
872085 0000100001110010000010000101
873322 0000100001110011001100100010
874559 0000100001110100010101011001
875796 0000100001110101011110010110
877033 0000100001110111000000110011
878270 0000100001111000001001110000
879507 0000100001111001010100000111
880744 0000100010000000011101000100
881981 0000100010000001100110000001
883218 0000100010000011001000011000
884455 0000100010000100010001010101
885692 0000100010000101011010010010
886929 0000100010000110100100101001
888166 0000100010001000000101100110
889403 0000100010001001010000000011
890640 0000100010010000011001000000
891877 0000100010010001100001110111
893114 0000100010010011000100010100
894351 0000100010010100001101010001
895588 0000100010010101010110001000
896825 0000100010010110100000100101
898062 0000100010011000000001100010
899299 0000100010011001001010011001
900536 0000100100000000010100110110
901773 0000100100000001011101110011
903010 0000100100000011000000010000
904247 0000100100000100001001000111
905484 0000100100000101010010000100
906721 0000100100000110011100100001
907958 0000100100000111100101011000
909195 0000100100001001000110010101
910432 0000100100010000010000110010
911669 0000100100010001011001101001
912906 0000100100010010100100000110
914143 0000100100010100000101000011
915380 0000100100010101001110000000
916617 0000100100010110011000010111
917854 0000100100010111100001010100
919091 0000100100011001000010010001
920328 0000100100100000001100101000
921565 0000100100100001010101100101
922802 0000100100100010100000000010
924039 0000100100100100000000111001
925276 0000100100100101001001110110
926513 0000100100100110010100010011
927750 0000100100100111011101010000
928987 0000100100101000100110000111
930224 0000100100110000001000100100
931461 0000100100110001010001100001
932698 0000100100110010011010011000
933935 0000100100110011100100110101
935172 0000100100110101000101110010
936409 0000100100110110010000001001
937646 0000100100110111011001000110
938883 0000100100111000100010000011
940120 0000100101000000000100100000
941357 0000100101000001001101010111
942594 0000100101000010010110010100
943831 0000100101000011100000110001
945068 0000100101000101000001101000
946305 0000100101000110001100000101
947542 0000100101000111010101000010
948779 0000100101001000011101111001
950016 0000100101010000000000010110
951253 0000100101010001001001010011
952490 0000100101010010010010010000
953727 0000100101010011011100100111
954964 0000100101010100100101100100
956201 0000100101010110001000000001
957438 0000100101010111010000111000
958675 0000100101011000011001110101
959912 0000100101011001100100010010
961149 0000100101100001000101001001
962386 0000100101100010001110000110
963623 0000100101100011011000100011
964860 0000100101100100100001100000
966097 0000100101100110000010010111
967334 0000100101100111001100110100
968571 0000100101101000010101110001
969808 0000100101101001100000001000
971045 0000100101110001000001000101
972282 0000100101110010001010000010
973519 0000100101110011010100011001
974756 0000100101110100011101010110
975993 0000100101110101100110010011
977230 0000100101110111001000110000
978467 0000100101111000010001100111
979704 0000100101111001011100000100
980941 0000100110000000100101000001
982178 0000100110000010000101111000
983415 0000100110000011010000010101
984652 0000100110000100011001010010
985889 0000100110000101100010001001
987126 0000100110000111000100100110
988363 0000100110001000001101100011
989600 0000100110001001011000000000
990837 0000100110010000100000110111
992074 0000100110010010000001110100
993311 0000100110010011001100010001
994548 0000100110010100010101001000
995785 0000100110010101011110000101
997022 0000100110010111000000100010
998259 0000100110011000001001011001
999496 0000100110011001010010010110
1000733 0001000000000000011100110011
1001970 0001000000000001100101110000
1003207 0001000000000011001000000111
1004444 0001000000000100010001000100
1005681 0001000000000101011010000001
1006918 0001000000000110100100011000
1008155 0001000000001000000101010101
1009392 0001000000001001001110010010
1010629 0001000000010000011000101001
1011866 0001000000010001100001100110
1013103 0001000000010011000100000011
1014340 0001000000010100001101000000
1015577 0001000000010101010101110111
1016814 0001000000010110100000010100
1018051 0001000000011000000001010001
1019288 0001000000011001001010001000
1020525 0001000000100000010100100101
1021762 0001000000100001011101100010
1022999 0001000000100010100110011001
1024236 0001000000100100001000110110
1025473 0001000000100101010001110011
1026710 0001000000100110011100010000
1027947 0001000000100111100101000111
1029184 0001000000101001000110000100
1030421 0001000000110000010000100001
1031658 0001000000110001011001011000
1032895 0001000000110010100010010101
1034132 0001000000110100000100110010
1035369 0001000000110101001101101001
1036606 0001000000110110011000000110
1037843 0001000000110111100001000011
1039080 0001000000111001000010000000
1040317 0001000001000000001100010111
1041554 0001000001000001010101010100
1042791 0001000001000010011110010001
1044028 0001000001000100000000101000
1045265 0001000001000101001001100101
1046502 0001000001000110010100000010
1047739 0001000001000111011100111001
