142
0 0000000000000000
29 0000000000101001
58 0000000001011000
87 0000000010000111
116 0000000100010110
145 0000000101000101
174 0000000101110100
203 0000001000000011
232 0000001000110010
261 0000001001100001
290 0000001010010000
319 0000001100011001
348 0000001101001000
377 0000001101110111
406 0000010000000110
435 0000010000110101
464 0000010001100100
493 0000010010010011
522 0000010100100010
551 0000010101010001
580 0000010110000000
609 0000011000001001
638 0000011000111000
667 0000011001100111
696 0000011010010110
725 0000011100100101
754 0000011101010100
783 0000011110000011
812 0000100000010010
841 0000100001000001
870 0000100001110000
899 0000100010011001
928 0000100100101000
957 0000100101010111
986 0000100110000110
1015 0001000000010101
1044 0001000001000100
1073 0001000001110011
1102 0001000100000010
1131 0001000100110001
1160 0001000101100000
1189 0001000110001001
1218 0001001000011000
1247 0001001001000111
1276 0001001001110110
1305 0001001100000101
1334 0001001100110100
1363 0001001101100011
1392 0001001110010010
1421 0001010000100001
1450 0001010001010000
1479 0001010001111001
1508 0001010100001000
1537 0001010100110111
1566 0001010101100110
1595 0001010110010101
1624 0001011000100100
1653 0001011001010011
1682 0001011010000010
1711 0001011100010001
1740 0001011101000000
1769 0001011101101001
1798 0001011110011000
1827 0001100000100111
1856 0001100001010110
1885 0001100010000101
1914 0001100100010100
1943 0001100101000011
1972 0001100101110010
2001 0010000000000001
2030 0010000000110000
2059 0010000001011001
2088 0010000010001000
2117 0010000100010111
2146 0010000101000110
2175 0010000101110101
2204 0010001000000100
2233 0010001000110011
2262 0010001001100010
2291 0010001010010001
2320 0010001100100000
2349 0010001101001001
2378 0010001101111000
2407 0010010000000111
2436 0010010000110110
2465 0010010001100101
2494 0010010010010100
2523 0010010100100011
2552 0010010101010010
2581 0010010110000001
2610 0010011000010000
2639 0010011000111001
2668 0010011001101000
2697 0010011010010111
2726 0010011100100110
2755 0010011101010101
2784 0010011110000100
2813 0010100000010011
2842 0010100001000010
2871 0010100001110001
2900 0010100100000000
2929 0010100100101001
2958 0010100101011000
2987 0010100110000111
3016 0011000000010110
3045 0011000001000101
3074 0011000001110100
3103 0011000100000011
3132 0011000100110010
3161 0011000101100001
3190 0011000110010000
3219 0011001000011001
3248 0011001001001000
3277 0011001001110111
3306 0011001100000110
3335 0011001100110101
3364 0011001101100100
3393 0011001110010011
3422 0011010000100010
3451 0011010001010001
3480 0011010010000000
3509 0011010100001001
3538 0011010100111000
3567 0011010101100111
3596 0011010110010110
3625 0011011000100101
3654 0011011001010100
3683 0011011010000011
3712 0011011100010010
3741 0011011101000001
3770 0011011101110000
3799 0011011110011001
3828 0011100000101000
3857 0011100001010111
3886 0011100010000110
3915 0011100100010101
3944 0011100101000100
3973 0011100101110011
4002 0100000000000010
4031 0100000000110001
4060 0100000001100000
4089 0100000010001001
