108
0 00000000000000000000
607 00000000011000000111
1214 00000001001000010100
1821 00000001100000100001
2428 00000010010000101000
3035 00000011000000110101
3642 00000011011001000010
4249 00000100001001001001
4856 00000100100001010110
5463 00000101010001100011
6070 00000110000001110000
6677 00000110011001110111
7284 00000111001010000100
7891 00000111100010010001
8498 00001000010010011000
9105 00001001000100000101
9712 00001001011100010010
10319 00010000001100011001
10926 00010000100100100110
11533 00010001010100110011
12140 00010010000101000000
12747 00010010011101000111
13354 00010011001101010100
13961 00010011100101100001
14568 00010100010101101000
15175 00010101000101110101
15782 00010101011110000010
16389 00010110001110001001
16996 00010110100110010110
17603 00010111011000000011
18210 00011000001000010000
18817 00011000100000010111
19424 00011001010000100100
20031 00100000000000110001
20638 00100000011000111000
21245 00100001001001000101
21852 00100001100001010010
22459 00100010010001011001
23066 00100011000001100110
23673 00100011011001110011
24280 00100100001010000000
24887 00100100100010000111
25494 00100101010010010100
26101 00100110000100000001
26708 00100110011100001000
27315 00100111001100010101
27922 00100111100100100010
28529 00101000010100101001
29136 00101001000100110110
29743 00101001011101000011
30350 00110000001101010000
30957 00110000100101010111
31564 00110001010101100100
32171 00110010000101110001
32778 00110010011101111000
33385 00110011001110000101
33992 00110011100110010010
34599 00110100010110011001
35206 00110101001000000110
35813 00110101100000010011
36420 00110110010000100000
37027 00110111000000100111
37634 00110111011000110100
38241 00111000001001000001
38848 00111000100001001000
39455 00111001010001010101
40062 01000000000001100010
40669 01000000011001101001
41276 01000001001001110110
41883 01000001100010000011
42490 01000010010010010000
43097 01000011000010010111
43704 01000011011100000100
44311 01000100001100010001
44918 01000100100100011000
45525 01000101010100100101
46132 01000110000100110010
46739 01000110011100111001
47346 01000111001101000110
47953 01000111100101010011
48560 01001000010101100000
49167 01001001000101100111
49774 01001001011101110100
50381 01010000001110000001
50988 01010000100110001000
51595 01010001010110010101
52202 01010010001000000010
52809 01010010100000001001
53416 01010011010000010110
54023 01010100000000100011
54630 01010100011000110000
55237 01010101001000110111
55844 01010101100001000100
56451 01010110010001010001
57058 01010111000001011000
57665 01010111011001100101
58272 01011000001001110010
58879 01011000100001111001
59486 01011001010010000110
60093 01100000000010010011
60700 01100000011100000000
61307 01100001001100000111
61914 01100001100100010100
62521 01100010010100100001
63128 01100011000100101000
63735 01100011011100110101
64342 01100100001101000010
64949 01100100100101001001
